R = [1630 1772 1922 2000 2080 2245 2417 2597 2785 2980 3182 3392 3607 3817 3915 4008 4166 4280]; %otpor
T = [0 10 20 25 30 40 50 60 70 80 90 100 110 120 125 130 140 150]; %pripadne temperature