T = [0:5:150]; %temperatura
R = [2854 2282 1838 1491 1217 1000 826.6 687.3 574.6 482.7 407.4 345.2 293.7 250.8 214.9 184.7 159.3 137.7 119.4 103.8 90.45 79.00 69.15 60.66 53.32 46.96 41.43 36.63 32.43 28.77 25.56]; %pripadni otpor