T = [0:5:150]; %temperatura
R = [100 101.95 103.90 105.85 107.79 109.73 111.67 113.61 115.54 117.47 119.40 121.32 123.24 125.16 127.07 128.98 130.89 132.80 134.70 136.60 138.5 140.39 142.28 144.18 146.06 147.94 149.82 151.7 153.57 155.45 157.32]; %pripadni otpor