T = [0:5:150];  %temperatura
R = [0 0.198 0.397 0.597 0.798 1 1.203 1.407 1.612 1.817 2.023 2.230 2.436 2.644 2.851 3.059 3.267 3.474 3.682 3.889 4.096 4.303 4.509 4.715 4.920 5.124 5.328 5.532 5.735 5.937 6.138];
%NAPON U MILIVOLTIMA!!!